# Coeur
00000000000000000000000000000000
00000000000000000000000440440000
00000000000000000000004444444000
00000000000000000000004444444000
00000000000000000000000444440000
00000000000000000000000044400000
00000000000000000000000004000000
00000000000000000000000000000000
################################
00000000000000000000000000000000
00000000000000000000000440440000
00000000000000000000004434344000
00000000000000000000004333334000
00000000000000000000000433340000
00000000000000000000000043400000
00000000000000000000000004000000
00000000000000000000000000000000
