# Coeur
00000000000000000000033033033000
00000000000000000000030222203000
00000000000000000000002222220000
00000000000000000000032222223000
00000000000000000000032222223000
00000000000000000000002222220000
00000000000000000000030222203000
00000000000000000000033033033000
################################
00000000000000000000000000000000
00000000000000000000000000000000
00000000000000000000000000000000
00000000000000000000000000000000
00000000000000000000000000000000
00000000000000000000000000000000
00000000000000000000000000000000
00000000000000000000000000000000
