# Coeur fleche
00000000000000000000000000005000
00000000000000000000000440451500
00000000000000000000004444415000
00000000000000000000004444144000
00000000000000000000000444440000
00000000000000000000005144400000
00000000000000000000005504000000
00000000000000000000000000000000
################################
00000000000000000000000000000000
00000000000000000000000440440000
00000000000000000000004444444000
00000000000000000000004444444000
00000000000000000000000444440000
00000000000000000000000044400000
00000000000000000000000004000000
00000000000000000000000000000000
